4,33
4,32
4,10
4,8
4,266
4,265
4,264
4,263
4,262
4,261
4,5
4,260
4,259
4,258
4,257
4,256
4,255
4,254
4,253
4,252
4,251
4,250
4,249
4,248
4,247
4,246
4,245
4,244
4,243
4,242
4,241
4,240
4,239
4,238
4,237
4,236
4,235
4,234
4,233
4,232
4,231
4,230
4,229
4,228
4,227
4,226
4,225
4,224
4,223
4,222
4,221
4,220
4,219
4,218
4,217
4,216
4,215
4,214
4,213
4,212
4,211
4,210
4,209
4,208
4,207
4,206
4,205
4,204
4,203
4,202
4,201
4,200
4,199
4,198
4,197
4,196
4,195
4,194
4,193
4,192
4,191
4,190
4,189
4,188
4,187
4,186
4,185
4,184
4,183
4,182
4,181
4,180
4,179
4,178
4,177
4,176
4,175
4,174
4,173
4,172
4,171
4,170
4,169
4,168
4,167
4,166
4,165
4,164
4,163
4,162
4,161
4,160
4,159
4,158
4,157
4,156
4,155
4,154
4,153
4,152
4,151
4,150
4,149
4,148
4,147
4,146
4,145
4,144
4,143
4,142
4,141
4,140
4,139
4,138
4294967278,326
4,137
4,136
4,135
4,134
4,133
4,132
4,131
4294967278,325
4,130
4,129
4,128
4,127
4,126
4,125
4,124
4294967278,324
4,123
4,122
4,121
4,120
4,119
4,118
4,117
4,116
4294967278,323
4,115
4,114
4,113
4,112
4,111
4,110
4,109
4,108
4,107
4,46
4,106
4294967279,321
4,105
4,104
4,47
4,103
4,102
4,101
4,100
4,99
4,98
4,97
4,96
4,95
4,94
4294967279,320
4294967279,319
4,93
4,92
4,91
4,90
4,89
4,88
4,87
4,86
4,85
4,84
4,83
4,82
4,81
4,45
4,80
4,79
4,44
4,78
4,77
4,76
4,75
4,74
4,73
4,72
4,71
4,70
4,69
4,68
4,67
4294967279,302
4,66
4,65
4,64
4,43
4,42
4,41
4294967294,1083
4294967294,471
4294967278,322
4294967293,131
4294967293,130
4294967293,129
4294967293,128
4294967293,127
4294967293,126
4294967293,125
4294967293,124
4294967293,123
4294967293,122
4294967293,121
4294967293,120
4294967293,119
4294967293,118
4294967293,117
4294967293,116
4294967293,115
4294967293,114
4294967293,113
4294967293,112
4294967293,111
4294967293,110
4294967293,109
4294967293,108
4294967293,107
4294967293,106
4294967293,105
4294967293,104
4294967293,103
4294967293,102
4294967293,101
4294967293,100
4294967293,99
4294967293,98
4294967293,97
4294967293,96
4294967293,95
4294967293,94
4294967293,93
4294967293,92
4294967293,91
4294967293,90
4294967293,89
4294967293,88
4294967293,87
4294967293,86
4294967293,85
4294967293,84
4294967293,83
4294967293,82
4294967293,81
4294967293,80
4294967293,79
4294967293,78
4294967293,77
4294967293,76
4294967293,75
4294967293,74
4294967293,73
4294967293,72
4294967293,71
4294967293,70
4294967293,69
4294967293,68
4294967293,67
4294967293,66
4294967293,65
4294967293,64
4294967293,63
4294967293,62
4294967293,61
4294967293,60
4294967293,59
4294967293,58
4294967293,57
4294967293,56
4294967293,55
4294967293,54
4294967293,53
4294967293,52
4294967293,51
4294967293,50
4294967293,49
4294967293,48
4294967293,47
4294967293,46
4294967293,45
4294967293,44
4294967293,43
4294967293,42
4294967293,41
4294967293,40
4294967293,39
4294967293,38
4294967293,37
4294967293,36
4294967293,35
4294967293,34
4294967293,33
4294967293,32
4294967293,31
4294967293,30
4294967293,29
4294967293,28
4294967293,27
4294967293,26
4294967293,25
4294967293,24
4294967293,23
4294967293,22
4294967293,21
4294967293,20
4294967293,19
